0.11
0.32
0.35
0.10
0.34
0.42
0.26
0.10
0.26
0.16
0.04
0.08
0.03
0.23
0.43
0.56
0.64
0.39
0.27
0.09
0.44
0.60
0.70
0.72
0.84
0.76
0.72
0.72
0.61
0.60
0.48
0.41
0.25
0.09
0.08
0.14
0.20
0.25
0.28
0.29
0.29
0.32
0.34
0.34
0.28
0.27
0.31
0.36
0.42
0.38
0.34
0.26
0.24
0.21
0.38
0.70
0.63
0.68
0.76
0.65
0.49
0.25
0.44
0.69
0.26
0.38
0.68
0.55
0.26
0.08
0.37
0.58
0.52
0.34
0.09
0.50
0.51
0.17
0.19
0.43
0.60
0.43
0.11
0.50
0.46
0.22
0.28
0.50
0.34
0.02
0.33
0.67
0.47
0.10
0.25
0.50
0.46
0.10
0.22
0.57
0.52
0.26
0.21
0.40
0.31
0.02
0.26
0.49
0.23
0.35
0.54
0.28
0.12
0.33
0.34
0.19
0.20
0.39
0.36
0.12
0.32
0.28
0.07
0.32
0.27
0.23
0.43
0.37
0.14
0.24
0.39
0.21
0.17
0.26
0.25
0.07
